APRS Milemark Data.  Copyright 1996-2007  APRS Engineering LLC, Ver 0.6, 3 jul 07. Added all 0-mm and end mm
AL10,0,30.497,88.4
AL10,21,30.642,88.113
AL10,15,30.841,88.107
AL10,15,30.841,88.107
AL10,93,31.44,86.985
AL10,165,32.242,86.37
AL10,238,33.228,86.809
AL10,351,34.777,86.937
AL20,0,32.506,88.437
AL20,71,33.178,87.535
AL20,97,33.258,87.144
AL20,140,33.554,86.58
AL20,215,33.682,85.179
AL20,206, 33.66667 , 85.34834
AL59,0,32.506,88.437
AL59,71,33.178,87.535
AL59,97,33.258,87.144
AL59,137,33.602,86.661
AL59,183,34.031,86.082
AL59,234, 34.66667 , 85.59
AL59,239,34.735,85.57
AL85,0,32.338,86.384
AL85,79,32.85,85.179
AL85,80, 32.855 , 85.18333
AR30,0,33.482,94.05
AR30,78,34.218,93.065
AR30,111,34.538,92.667
AR40,0,35.418,94.506
AR40,127,35.078,92.41
AR40,154,34.794,92.262
AR40,279,35.162,90.183
AR40,285, 35.16667 , 90.08
AZ8,0,32.73,114.628
AZ8,174,32.826,111.732
AZ8,176, 32.82333 , 111.6917
AZ10,0,33.594,114.532
AZ10,260,32.25,110.976
AZ10,281,32.026,110.664
AZ10,304,32.026,110.264
AZ10,352,32.362,109.69
AZ10,382,32.25,109.184
AZ10,393, 32.225 , 109
AZ17,200,33.464,112.122
AZ17,262,34.352,112.122
AZ17,306,34.78,111.658
AZ17,335,35.19,111.706
AZ19,0,31.333,110.94
AZ19,8,31.36,110.938
AZ19,45,31.72,111.068
AZ19,65,31.858,110.98
AZ19,102,32.194,110.978
AZ40,0,34.718,114.468
AZ40,13,34.757,114.228
AZ40,22,34.84,114.135
AZ40,48,35.226,114.09
AZ40,201,35.21,111.576
AZ40,286,34.922,110.136
AZ40,357,35.338,109.033
AZ40,360, 35.38 , 109
CA5,0,32.54372,117.0285
CA5,5,32.58852,117.0765
CA5,13,32.69092,117.1079
CA5,16,32.72292,117.1615
CA5,20,32.75812,117.1965
CA5,26,32.83812,117.2279
CA5,33,32.90692,117.2168
CA5,49,33.12718,117.2877
CA5,79,33.47598,117.6479
CA5,89,33.59598,117.6643
CA5,114,33.84718,117.9403
CA5,133,34.04078,118.1991
CA5,137,34.08718,118.2118
CA5,141,34.12078,118.2627
CA5,149,34.18638,118.31
CA5,162,34.33358,118.5169
CA5,198,34.79438,118.8539
CA5,222,35.03758,118.9837
CA5,278,35.61358,119.6756
CA5,403,37.07278,121.0028
CA5,446,37.59118,121.3522
CA5,428,37.40878,121.159
CA5,471,37.91439,121.3209
CA5,525,38.66959,121.5495
CA5,553,38.82959,121.9332
CA5,578,39.16879,122.1593
CA5,594,39.38639,122.241
CA5,649,40.17999,122.2478
CA5,680,40.60878,122.3484
CA5,695,40.78798,122.3017
CA5,707,40.96718,122.4417
CA5,732,41.24238,122.2351
CA5,773,41.69998,122.6278
CA5,796,41.99758,122.6474
CA8,0,32.757,117.228
CA8,7,32.77573,117.0967
CA8,20,32.80373,116.9315
CA8,28,32.87573,116.8283
CA8,33,32.83413,116.7146
CA8,41,32.85813,116.5635
CA8,52,32.72853,116.4547
CA8,75,32.64213,116.1206
CA8,89,32.77013,115.9321
CA8,107,32.77653,115.7568
CA8,131,32.77493,115.2716
CA8,151,32.71253,114.9542
CA8,159,32.76213,114.8231
CA8,171,32.73173,114.622
CA10,0,34.02532,118.49
CA10,16,34.03812,118.2008
CA10,18,34.06212,118.1928
CA10,31,34.07492,117.9699
CA10,36,34.08132,117.8935
CA10,42,34.07172,117.8044
CA10,51,34.08612,117.6409
CA10,58,34.07652,117.5245
CA10,74,34.07012,117.2337
CA10,86,34.00612,117.0356
CA10,91,33.94372,116.9574
CA10,117,33.92772,116.5751
CA10,145,33.71012,116.1309
CA10,168,33.65572,115.7804
CA10,192,33.71652,115.3497
CA10,216,33.60132,114.9627
CA10,241,33.61092,114.5351
CA15,0,32.667,117.122
CA15,1,32.69213,117.1198
CA15,5,32.72333,117.0884
CA15,12,32.84573,117.1124
CA15,18,32.93213,117.1087
CA15,28,33.06973,117.0571
CA15,39,33.24733,117.1527
CA15,46,33.34333,117.1362
CA15,49,33.38813,117.1618
CA15,56,33.48093,117.1234
CA15,77,33.70173,117.3247
CA15,81,33.74493,117.3703
CA15,88,33.76733,117.4689
CA15,96,33.89053,117.5419
CA15,112,34.11133,117.5091
CA15,123,34.22173,117.3855
CA15,131,34.31613,117.4636
CA15,133,34.34653,117.469
CA15,135,34.36253,117.4237
CA15,153,34.54493,117.2897
CA15,184,34.90973,116.986
CA15,246,35.28093,116.0647
CA15,286,35.47932,115.4485
CA15,294,35.58173,115.4021
CA15,295, 35.59834 , 115.3983
CA40,0,34.8888,117.0073
CA40,50,34.7416,116.1252
CA40,115,34.8184,115.1048
CA40,137,34.8952,114.6833
CA40,153,34.7128,114.5177
CA80,0,37.77094,122.4075
CA80,8,37.83094,122.2923
CA80,18,37.96373,122.333
CA80,27,38.05494,122.2275
CA80,35,38.16693,122.2102
CA80,45,38.23893,122.067
CA80,43,38.25653,122.0549
CA80,56,38.37973,121.9481
CA80,70,38.51733,121.752
CA80,89,38.56533,121.5042
CA80,119,38.91734,121.0513
CA80,160,39.30774,120.6962
CA80,165,39.30453,120.5162
CA80,194,39.36213,120.034
CA80,202,39.44854,120.0001
CA80,205, 39.485 , 119.9917
CA101,0,34.06347,118.1974
CA101,13,34.15627,118.3664
CA101,27,34.17067,118.6009
CA101,34,34.13867,118.73
CA101,70,34.28267,119.2784
CA101,97,34.43627,119.6921
CA101,129,34.48747,120.2278
CA101,146,34.69547,120.159
CA101,208,35.16908,120.6966
CA101,239,35.74187,120.7073
CA101,328,36.69548,121.6548
CA101,357,37.01548,121.5422
CA101,385,37.34828,121.8659
CA101,414,37.55307,122.2982
CA101,423,37.62988,122.3992
CA101,433,37.77068,122.4027
CA101,438,37.80268,122.4688
CA101,451,37.95628,122.5106
CA101,522,38.86507,123.0835
CA101,609,39.82507,123.5687
CA101,616,39.85707,123.7328
CA101,645,40.20267,123.8069
CA101,692,40.63147,124.2246
CA101,712,40.89388,124.0847
CA101,730,41.10507,124.178
CA101,794,41.81547,124.1515
CA101,811, 42 , 124.1933
CA101,812,42.00107,124.1846
CA110,0,33.719,118.283
CA110,1,33.73653,118.2816
CA110,21,34.03574,118.2652
CA110,31,34.12374,118.1705
CA280,0,37.34187,121.8546
CA280,3,37.31787,121.9035
CA280,13,37.33387,122.0797
CA280,33,37.50827,122.336
CA280,43,37.62347,122.4353
CA280,47,37.67627,122.4683
CA280,49,37.70507,122.4701
CA280,54,37.73547,122.4059
CA280,57, 37.94333 , 122.3917
CA405,0,33.65227,117.7312
CA405,11,33.68907,117.9102
CA405,21,33.77867,117.9997
CA405,40,33.87147,118.3134
CA405,57,34.06347,118.4446
CA405,72,34.29067,118.4609
CA505,0,38.36908,121.9542
CA505,32, 38.84 , 121.9367
CA505,33,38.83308,121.9336
CA580,0,37.96107,122.5126
CA580,11,37.93068,122.3359
CA580,18,37.82827,122.2874
CA580,26,37.78508,122.1782
CA580,34,37.68908,122.0985
CA580,45,37.70187,121.9196
CA580,54,37.70187,121.7634
CA580,65,37.74027,121.5672
CA580,77, 37.59333 , 121.3567
CA605,0,33.78614,118.0721
CA605,11,33.93814,118.0812
CA605,27, 34.12167 , 117.935
CA680,0,37.342,121.853
CA680,1,37.3512,121.8374
CA680,14,37.5232,121.942
CA680,21,37.59201,121.868
CA680,30,37.70081,121.9236
CA680,39,37.8208,121.9957
CA680,46,37.8984,122.0711
CA680,50,37.964,122.0555
CA680,58,38.0504,122.1334
CA680,63,38.1112,122.1023
CA680,70,38.2056,122.1403
CA805,0,32.55014,117.0409
CA805,5,32.61974,117.0363
CA805,14,32.71173,117.0973
CA805,27, 32.88334 , 117.215
CA805,28,32.88694,117.2154
CA880,0,37.33,121.94
CA880,4,37.3664,121.9009
CA880,12,37.4752,121.9323
CA880,21,37.5648,122.0386
CA880,31,37.688,122.1343
CA880,44,37.8064,122.2891
CA880,46, 37.83 , 122.2933
CA880,47,37.8304,122.2891
CO25,0,37,104.442
CO25,102,38.309,104.602
CO25,140,38.814,104.826
CO25,195,39.563,104.858
CO25,223,39.91,104.986
CO25,278,40.71,104.986
CO25,300, 41 , 104.8983
CO70,0,39.178,109.051
CO70,44,39.114,108.309
CO70,87,39.498,107.938
CO70,157,39.69,106.677
CO70,195,39.498,106.152
CO70,232,39.722,105.666
CO70,261,39.69,105.154
CO70,316,39.69,104.2
CO70,359,39.274,103.714
CO70,437,39.274,102.267
CO70,451, 39.29333 , 102
CO76,0,39.834,104.93
CO76,34,40.106,104.563
CO76,90,40.266,103.605
CO76,134,40.73,103.035
CO76,180,40.954,102.235
CO76,185, 41 , 102.18
CT84,0,41.37,73.537
CT84,15,41.418,73.263
CT84,40,41.557,72.905
CT84,60,41.753,72.665
CT84,88,41.961,72.204
CT84,94, 42.03333 , 72.155
CT91,0,41.304,72.905
CT91,19,41.543,72.762
CT91,37,41.763,72.65
CT91,57, 42.03 , 72.53333
CT95,0,41.37,73.528
CT95,48,41.577,72.892
CT95,77,41.322,72.348
CT95,110, 41.45167 , 71.79833
DE1,0, 38.45167 , 75.06667
DE1,18, 38.70833 , 75.07833
DE1,42, 38.91667 , 75.43333
DE1,97, 39.16667 , 75.46
DE1,119, 39.41 , 75.66167
DE1,135, 39.635 , 75.63
DE95,0, 39.64 , 75.78333
DE95,12, 39.69333 , 75.57333
DE95,23, 39.82 , 75.46
DE495,0, 39.71333 , 75.54667
DE495,10, 39.82167 , 75.42834
DE295,0, 39.69333 , 75.56667
DE295,2, 39.69 , 75.52666
FL4,0,27.963,82.45
FL4,32,28.075,81.97
FL4,55,28.232,81.648
FL4,81,28.531,81.376
FL4,104,28.83,81.328
FL4,129,29.14,81.112
FL4,132, 29.17167 , 81.07
FL10,0,30.6,87.403
FL10,3,30.508,87.248
FL10,57,30.732,86.56
FL10,135.5,30.764,85.314
FL10,198.5,30.508,84.313
FL10,302.5,30.252,82.637
FL10,355.5,30.316,81.767
FL10,361, 30.3 , 81.69
FL75,0,25.898,80.313
FL75,2,25.902,80.344
FL75,17,26.115,80.345
FL75,101,26.15,81.716
FL75,141,26.683,81.822
FL75,170,27.04,82.078
FL75,177,27.092,82.136
FL75,191,27.09,82.365
FL75,197,27.137,82.433
FL75,210,27.321,82.433
FL75,228,27.561,82.49
FL75,240,27.697,82.377
FL75,261,28.004,82.313
FL75,275,28.151,82.424
FL75,284,28.252,82.337
FL75,305,28.556,82.241
FL75,323,28.79,82.073
FL75,368,29.435,82.256
FL75,429,30.184,82.69
FL75,440,30.321,82.803
FL75,468,30.63,83.168
FL75,470, 30.57333 , 83.16
FL95,0,25.757,80.2
FL95,1,25.766,80.2
FL95,12,25.926,80.208
FL95,16,26.964,80.064
FL95,77,26.81,80.096
FL95,100.7,27.11,80.26
FL95,110.1,27.161,80.384
FL95,180.6,28.081,80.704
FL95,338,30.178,81.56
FL95,356,30.31,81.64
FL95,379,30.741,81.672
FL275,0,27.56,82.49
FL275,5,27.57,82.57
FL275,15,27.69,82.67
FL275,31,27.89,82.66
FL275,45,27.96,82.45
FL275,53,28.09,82.45
FL275,56, 28.14333 , 82.41833
GA16,0,32.83,83.63
GA16,35,32.53,83.22
GA16,105,32.35,82.04
GA16,116,32.33,81.88
GA16,160,32.06,81.21
GA20,0,33.656,85.35
GA20,35,33.73,84.75
GA20,45,33.77,84.57
GA20,75,33.71,84.09
GA20,85,33.62,83.96
GA20,100,33.61,83.72
GA20,115,33.55,83.45
GA20,140,33.54,83.04
GA20,155,33.5,82.79
GA20,170,33.51,82.54
GA20,196,33.49,82.1
GA20,201, 33.51833 , 82.015
GA75,0,30.62,83.18
GA75,20,30.87,83.35
GA75,70,31.55,83.54
GA75,100,31.94,83.76
GA75,155,32.75,83.73
GA75,159,32.83,83.63
GA75,175,32.96,83.82
GA75,200,33.21,84.06
GA75,225,33.5,84.2
GA75,235,33.6,84.38
GA75,255,33.8,84.39
GA75,277,34.07,84.58
GA75,282,34.11,84.66
GA75,305,34.37,84.9
GA75,340,34.84,85.03
GA75,355,34.99,85.22
GA75,354, 35 , 85.195
GA85,0,32.855,85.18
GA85,29,33.13,84.86
GA85,47,33.39,84.74
GA85,78,33.68,84.4
GA85,85,33.78,84.39
GA85,113,34.04,84.03
GA85,134,34.15,83.69
GA85,177, 34.48 , 83.04667
GA95,0,30.73,81.68
GA95,29,31.14,81.55
GA95,42,31.306,81.49
GA95,99,32.07,81.25
GA95,110, 32.22333 , 81.165
GA575,0,34,84.57
GA575,21,34.27,84.47
GA575,29, 34.365 , 84.37
GA985,0,34.05,84.03
GA985,25,34.32,83.76
HI1,0,21.339,158.104
HI1,1,21.333,158.089
HI1,5,21.384,158.032
HI1,10,21.392,157.959
HI1,13,21.373,157.927
HI1,16,21.337,157.926
HI1,19,21.337,157.882
HI1,25,21.283,157.808
HI1,27, 21.27833 , 157.7783
HI2,0, 21.396,157.990
HI2,4, 21.455,157.990
HI2,8, 21.49 , 158.0317
HI3,0, 21.373,157.927
HI3,5, 21.408,157.860
HI3,8, 21.410,157.825
HI3,10,21.380,157.805
HI3,12,21.390,157.773
HI3,15,21.426,157.758
HI3,16, 21.43833 , 157.755
IA29,0,40.59,95.73
IA29,10,40.72,95.83
IA29,47,41.23,95.84
IA29,70,41.48,95.91
IA29,110,41.98,96.1
IA29,150,42.5,96.44
IA29,153, 42.52483 , 96.48243
IA35,0,40.68,93.93
IA35,30,41.02,93.8
IA35,77,41.66,93.8
IA35,87,41.66,93.58
IA35,155,42.63,93.59
IA35,218,43.5,93.31
IA35,218, 43.50083 , 93.31022
IA380,0,41.67,91.68
IA380,28,42.09,91.71
IA380,65, 42.44803 , 92.19656
IA380,68,42.45,92.3
IA80,0,41.232,95.91
IA80,4,41.234,95.847
IA80,27,41.484,95.58
IA80,100,41.5,94.2
IA80,142,41.676,93.49
IA80,240,41.68,91.69
IA80,267,41.644,91.12
IA80,300,41.58,90.49
IA80,306, 41.57923 , 90.36671
ID15,0,42,112.15
ID15,63,42.8,112.23
ID15,119,43.503,112.04
ID15,180,44.342,112.17
ID15,192, 44.54569 , 112.2886
ID84,0,44.017,116.936
ID84,36,43.58,116.543
ID84,59,43.516,116.14
ID84,112,42.972,115.3
ID84,137,42.908,114.907
ID84,181,42.572,114.277
ID84,221,42.572,113.49
ID84,276,42.004,112.794
ID86,0,42.58,113.483
ID86,58,42.916,112.51
ID86,63, 42.91209 , 112.4231
ID90,0,47.684,117.027
ID90,80, 47.39209 , 115.4058
IL39,0,40.543,88.99
IL39,119,42.246,88.93
IL39,137, 42.48833 , 88.97833
IL55,0,38.621,90.172
IL55,20,38.748,89.92
IL55,105,39.918,89.584
IL55,241,41.367,88.176
IL55,261, 41.64167 , 88.15
IL55,293, 41.83333 , 87.615
IL57,0,36.988,89.165
IL57,54,37.714,88.944
IL57,153,39.17,88.48
IL57,345,41.564,87.744
IL64,0,38.636,90.18
IL64,130,38.22,88.013
IL70,0,38.621,90.158
IL70,15,38.78,89.9
IL70,147,39.42,87.69
IL72,0,39.712,91.36
IL72,10,39.707,91.2
IL72,97,39.74,89.65
IL72,108, 39.82333 , 89.5
IL72,133, 39.82667 , 89.02834
IL72,144, 39.89333 , 88.89333
IL72,156, 40.02 , 88.745
IL72,182, 40.11833 , 88.295
IL74,0,41.578,90.348
IL74,14,41.434,90.32
IL74,49,40.924,90.335
IL74,135,40.54,89.01
IL74,184,40.124,88.207
IL80,0,41.578,90.348
IL80,9,41.436,90.33
IL80,112,41.404,88.426
IL80,161,41.596,87.53
IL88,0,41.515,90.34
IL88,44,41.756,89.63
IN64,0,38.2,87.81
IN64,25,38.16,87.53
IN64,121,38.29,85.84
IN64,122, 38.2836 , 85.80506
IN65,0,38.266,85.744
IN65,50,38.97,85.84
IN65,117,39.82,86.17
IN65,123,39.854,86.256
IN65,180,40.53,86.91
IN65,220,41.04,87.26
IN65,260,41.56,87.32
IN65,261, 41.5884 , 87.29099
IN69,0,39.92,86.07
IN69,30,40.07,85.56
IN69,65,40.59,85.54
IN69,110,41.1,85.21
IN69,115,41.14,85.12
IN69,135,41.45,85.05
IN69,156,41.726,84.99
IN69,157, 41.7332 , 84.99748
IN70,0,39.452,87.525
IN70,28,39.45,87.02
IN70,54,39.61,86.47
IN70,85,39.8,86.04
IN70,90,39.79,86.037
IN70,135,39.85,85.16
IN70,151,39.82,84.84
IN70,158, 39.8148 , 84.82298
IN74,0,40.09,87.53
IN74,20,40.12,87.16
IN74,35,40.09,86.88
IN74,73,39.81,86.26
IN74,94,39.724,86.05
IN74,134,39.34,85.466
IN74,152,39.29,85.17
IN74,170,39.28,84.87
IN74,172, 39.2788 , 84.83116
IN80,0,41.59,87.5
IN80,39,41.58,86.89
IN80,60,41.73,86.57
IN80,141,41.75,85.03
IN80,156, 41.6164 , 84.79788
KS35,0,37,97.343
KS35,45,37.628,97.285
KS35,71,37.884,96.896
KS35,127,38.428,96.226
KS35,162,38.427,95.576
KS35,223,38.891,94.749
KS35,238, 39.12164 , 94.56783
KS335,0,37,97.343
KS335,45,37.628,97.285
KS335,71,37.884,96.896
KS335,127,38.427,96.226
KS335,177, 39.00003 , 95.67884
KS335,182,39.035,95.616
KS70,0,39.291,102.036
KS70,53,39.307,101.034
KS70,76,39.083,100.79
KS70,99,39.003,100.31
KS70,159,38.86,99.3
KS70,252,38.86,97.6
KS70,303,39.051,96.734
KS70,353,39.051,95.81
KS70,423, 39.11044 , 94.60673
KY24,0,37.16,88.692
KY24,4,37.066,88.66
KY24,26,36.97,88.35
KY24,40,37.1,88.14
KY24,94,36.66,87.41
KY64,0,38.26,85.83
KY64,45,38.13,85.04
KY64,65,38.17,84.68
KY64,95,37.99,84.22
KY64,135,38.18,83.49
KY64,156,38.33,83.28
KY64,192,38.36,82.59
KY65,0,36.65,86.59
KY65,30,37,86.36
KY65,50,37.08,85.96
KY65,90,37.63,85.86
KY65,112,37.92,85.66
KY65,131, 38.18571 , 85.73479
KY65,137, 38.25532 , 85.73502
KY71,0,38.25,85.73
KY71,25,38.42,85.32
KY71,40,38.62,85.14
KY71,77,38.89,84.62
KY75,0,36.601,84.122
KY75,40,37.127,84.09
KY75,62,37.374,84.317
KY75,97,37.89,84.362
KY75,118,38.106,84.506
KY75,150,38.55,84.61
KY75,166,38.774,84.6
KY75,184,39.05,84.6
KYPKY,0,37.08,88.12
KYPKY,77,37.38,86.8
KYPKY,100,37.42,86.36
KYPKY,138,37.67,85.84
KYBGP,0,37.67,85.84
KYBGP,35,37.88,85.15
KYBGP,75,38.05,84.66
KYCP,0,37.02,86.10
KYCP,10,36.94,85.94
KYCP,111,37.15,84.22
KYGRP,0,36.92,86.43
KYGRP,70,37.73,87.07
KYCMP,0,38.01,84.12
KYCMP,20,37.82,83.89
KYCMP,40,37.74,83.48
KYCMP,75,37.72,83.08
KYDBP,0,37.13,84.1
KYDBP,10,37.08,83.92
KYDBP,60,37.22,83.34
LA10,0,30.153,93.697
LA10,103,30.281,91.97
LA10,159,30.403,91.1
LA10,186,30.153,90.875
LA10,233,29.957,90.106
LA10,269,30.31,89.72
LA10,275, 30.31684 , 89.64102
LA20,0,32.46,94.033
LA20,49,32.586,93.286
LA20,171,32.425,91.245
LA20,188, 32.32644 , 90.99815
LA20,190, 32.32644 , 90.99815
LA55,0,30.083,90.46
LA55,64,30.992,90.506
LA55,65, 30.99844 , 90.51074
MD50,0,38.919,76.915
MD50,3,38.944,76.883
MD50,16,38.96,76.65
MD50,29,39.022,76.473
MD50,44,38.96,76.21
MD50,52,38.933,76.06
MD50,77,38.57,76.06
MD50,99,38.46,75.78
MD50,110,38.375,75.58
MD50,131,38.34,75.1
MD68,0,39.66,79.47
MD68,82,39.69,78.18
MD70,0,39.75,78.18
MD70,1,39.69,78.18
MD70,35,39.594,77.67
MD70,53,39.391,77.414
MD70,91,39.295,76.74
MD95,0,38.79,77.026
MD95,13,38.86,76.843
MD95,19,38.95,76.86
MD95,23,39.008,76.894
MD95,25,39.024,76.95
MD95,38,39.157,76.825
MD95,50,39.272,76.64
MD95,52,39.264,76.59
MD95,74,39.44,76.374
MD95,100,39.645,75.93
MD95,109,39.65,75.79
MD97,0,38.983,76.576
MD97,7,39.066,76.64
MD97,12,39.15,76.65
MD97,17, 39.20827 , 76.63219
MD270,0,39,77.122
MD270,31,39.39,77.386
MD301,0,37.535,77.439
MD301,1,38.366,76.96
MD301,3,38.395,76.95
MD301,9,38.46,76.99
MD301,16,38.56,76.984
MD301,25,38.657,76.876
MD301,28,38.696,76.876
MD301,40,38.818,76.74
MD301,46,38.885,76.72
MD301,51,38.955,76.716
ME95,0,43.09663,70.75502
ME95,7,43.16383,70.65884
ME95,35,43.49504,70.47651
ME95,48,43.67744,70.30305
ME95,63,43.89024,70.31417
ME95,75,44.04224,70.24616
ME95,103,44.21984,69.81557
ME95,109,44.32704,69.80456
ME95,138,44.65984,69.50607
ME95,150,44.79904,69.3813
ME95,157,44.82624,69.269
ME95,182,44.76864,68.85659
ME95,187,44.84864,68.72428
ME95,217,45.24224,68.67751
ME95,250,45.69664,68.60335
ME95,276,46.18944,68.2907
ME95,295,46.27264,67.93221
ME295,0,43.64064,70.32819
ME295,31,43.95744,69.94073
ME295,49,44.16384,69.80963
MI69,0,41.734,84.985
MI69,48,42.432,84.92
MI69,90,42.698,84.55
MI69,123,42.922,83.95
MI69,153,42.986,83.4
MI69,202,42.986,82.426
MI75,0,41.734,83.45
MI75,98,42.777,83.64
MI75,168,43.686,83.96
MI75,190,43.955,84.09
MI75,249,44.582,84.73
MI75,344,45.823,84.73
MI75,386,46.351,84.41
MI94,0,41.734,86.78
MI94,39,42.154,86.3
MI94,92,42.218,85.3
MI94,200,42.186,83.68
MI94,229,42.496,82.81
MI94,272,42.99,82.3
MI96,0,43.146,86.25
MI96,43,42.86,85.463
MI96,110,42.602,84.445
MI96,141,42.474,83.626
MN35,0,43.498,93.317
MN35,85, 44.69129 , 93.27747
MN35,108, 44.95369 , 93.08063
MN35,114, 45.03369 , 93.04646
MN35,165, 45.75049 , 92.99684
MN35,235, 46.67209 , 92.44415
MN35,255, 46.79369 , 92.10916
MN90,0, 43.5913 , 96.55085
MN90,189, 43.6841 , 92.73973
MN90,218, 43.9465 , 92.36569
MN90,270, 43.8889 , 91.36408
MN90,278, 43.8537 , 91.29021
MN94,0, 46.83208 , 96.7265
MN94,7,46.83,92.073
MN94,77,46.057,95.853
MN94,114,45.833,95.165
MN94,171,45.417,94.164
MN94,225, 45.06009 , 93.28767
MN94,231, 44.9641 , 93.28767
MN94,249, 44.9481 , 92.9677
MN94,259, 44.9481 , 92.75971
MO29,0,39.167,94.558
MO29,4,39.187,94.697
MO29,20,39.386,94.81
MO29,47,39.79,94.81
MO29,99,40.326,95.53
MO29,120, 40.59203 , 95.72465
MO44,0,36.972,94.6
MO44,15,37.02,94.473
MO44,56,37.167,93.621
MO44,136,37.785,92.5
MO44,208,38.09,91.414
MO44,254,38.49,90.817
MO44,276,38.57,90.425
MO44,290, 38.60963 , 90.22988
MO55,0,36,89.897
MO55,56,36.87,89.513
MO55,117,37.568,89.513
MO55,174,38.19,90.4
MO55,196,38.499,90.313
MO55,208, 38.62243 , 90.18694
MO70,0,39.11,94.61
MO70,8,39.05,94.492
MO70,126,38.953,92.305
MO70,232,38.761,90.444
MO70,251, 38.62243 , 90.19029
MS20,0,32.327,91.013
MS20,5,32.33,90.826
MS20,44,32.298,90.21
MS20,130,32.33,88.796
MS20,154, 32.46724 , 88.44108
MS55,0,31,90.522
MS55,61,31.872,90.426
MS55,174,33.35,89.754
MS55,291,34.99,89.98
MS55,292, 35.00324 , 89.98674
MS59,0,30.448,89.69
MS59,81,31.517,89.306
MS59,148,32.35,88.666
MS59,171, 32.45284 , 88.43768
MT15,0,44.54,112.314
MT15,44,45.006,112.86
MT15,131,45.973,112.634
MT15,164,46.24,112.73
MT15,228,47.024,112.026
MT15,290,47.568,111.42
MT15,397,49,111.93
MT15,397, 48.98402 , 111.9353
MT90,0,47.388,115.393
MT90,22,47.37,115.296
MT90,61,47.018,114.71
MT90,82,47.018,114.367
MT90,174,46.493,112.73
MT90,211,46.06,112.787
MT90,274,45.898,111.59
MT90,306,45.706,111.05
MT90,450,45.77,108.464
MT90,497,45.734,107.514
MT90,553,45,107.29
MT90,556, 45.00323 , 107.2941
MT94,0,45.801,108.4
MT94,67,46.266,107.21
MT94,138,46.394,105.813
MT94,211,47.098,104.75
MT94,248,46.97,104.06
MT94,251, 46.93603 , 104.0015
NB80,0, 41.1785 , 104.0189
NB80,102, 41.0217 , 102.1431
NB80,177, 41.1369 , 100.7452
NB80,257, 40.6505 , 99.37714
NB80,279, 40.6921 , 98.92982
NB80,312, 40.8265 , 98.36346
NB80,396, 40.8009 , 96.74717
NB80,440, 41.17852 , 96.10214
NB80,446, 41.24252 , 96.07014
NB80,455, 41.24252 , 95.91016
NC40,0,35.78,83.097
NC40,27,35.514,82.927
NC40,131,35.706,81.2
NC40,194,36.09,80.22
NC40,301,35.76,78.62
NC40,408,34.502,77.88
NC40,420, 34.26563 , 77.87035
NC77,0,35.1,80.933
NC77,79,36.193,80.794
NC77,105, 36.32642 , 80.80089
NC85,0,35.145,81.49
NC85,37,34.9,78.96
NC85,43,35.297,80.762
NC85,123,36.026,79.82
NC85,178,36.023,78.874
NC85,229,36.487,78.234
NC85,233, 36.5396 , 78.19699
NC95,0,34.498,79.29
NC95,20,34.666,79.018
NC95,79,35.37,78.54
NC95,107,35.591,78.14
NC95,145,36.07,77.82
NC95,180,36.538,77.58
NC95,182, 36.5524 , 77.56585
ND29,0,45.937,96.857
ND29,67,46.922,96.857
ND29,218, 49.00323 , 97.33759
ND94,0,46.954,103.996
ND94,169,46.86,100.77
ND94,259,46.922,98.71
ND94,343,46.826,96.944
ND94,351, 46.84483 , 96.77564
NE80,0,41.198,104
NE80,20,41.23,103.658
NE80,102,41.001,102.137
NE80,177,41.097,100.75
NE80,272,40.681,99.066
NE80,312,40.841,98.367
NE80,396,40.809,96.753
NE80,440,41.161,96.126
NJACE,0,39.353,74.432
NJACE,28,39.593,74.813
NJGSP,0,38.97,74.897
NJGSP,38,39.414,74.553
NJGSP,63,39.713,74.28
NJGSP,105,40.263,74.08
NJGSP,125,40.471,74.29
NJGSP,153,40.848,74.16
NJTPK,0,39.667,75.492
NJTPK,3,39.673,75.437
NJTPK,34,39.913,74.956
NJTPK,66,40.264,74.505
NJTPK,83,40.477,74.4
NJTPK,91,40.542,74.305
NJTPK,107,40.75,74.113
NJ78,0,40.69,75.203
NJ78,3,40.69,75.192
NJ78,40,40.665,74.414
NJ80,0,40.98,75.123
NJ80,4,40.921,75.074
NJ80,47,40.857,74.375
NJ195,5,40.65,74.625
NJ195,33,41.05,74.095
NM10,0,32.234,109.05
NM10,144,32.234,106.706
NM10,160,32.009,106.59
NM10,168, 32.0212 , 106.5768
NM25,0,32.267,106.714
NM25,83,33.248,107.226
NM25,163,34.234,106.906
NM25,248,35.402,106.43
NM25,330,35.398,105.306
NM25,457, 37.00253 , 104.4539
NM40,0,35.338,109.05
NM40,63,35.306,107.957
NM40,89,35.082,107.78
NM40,126,34.986,107.15
NM40,194,35.018,106.025
NM40,273,34.954,104.68
NM40,368, 35.17533 , 103.0296
NV15,0,35.59,115.418
NV15,42,36.178,115.162
NV15,93,36.682,114.5
NV15,122,36.826,114.03
NV80,0,39.483,120
NV80,3,39.53,119.953
NV80,46,39.609,119.27
NV80,119,40.344,118.282
NV80,145,40.634,118.19
NV80,231,40.666,116.923
NV80,271,40.666,116.22
NV80,352,41.114,114.927
NV80,378,41.082,114.465
NV80,410,40.746,114.037
NY84,0,41.361,74.695
NY84,5,41.401,74.605
NY84,59,41.525,73.753
NY84,69,41.371,73.594
NY84,73, 41.3768 , 73.54113
NY87,176, 44.9992 , 73.45155
NYST,0,40.908,73.817
NYST,11,41.066,73.824
NYST,30,41.118,74.16
NYST,91,41.95,74.034
NYST,124,42.49,73.794
NY87,0,42.683,73.826
NY87,45,43.295,73.666
NY87,78,43.727,73.826
NY87,117,44.191,73.54
NY87,176,45,73.474
NY90,148,42.698,73.845
NY90,162,42.81,74.024
NY90,219,43.002,74.99
NY90,283,43.082,76.155
NY90,362,43.05,77.642
NY90,420,42.954,78.756
NY90,436,42.738,78.86
NY90,496,42.25,79.763
NY95,0,40.846,73.94
NY95,3,40.87,73.834
NY95,15,41.001,73.69
NY190,0,42.872,78.778
NY190,5,42.879,78.842
NY190,21,43.081,78.986
OH70,0,39.82,84.8
OH70,60,39.91,83.72
OH70,85,39.98,83.27
OH70,94,39.97,83.101
OH70,105,39.94,82.9
OH70,155,39.94,81.99
OH70,190,40.05,81.36
OH70,225,40.08,80.72
OH71,0,39.08,84.55
OH71,26,39.38,84.25
OH71,57,39.54,83.72
OH71,104,39.915,83.042
OH71,145,40.44,82.8
OH71,175,40.76,82.45
OH71,210,41.03,81.9
OH71,220,41.17,81.79
OH71,238,41.47,81.83
OH75,0,39.08,84.55
OH75,15,39.276,84.45
OH75,45,39.66,84.22
OH75,60,39.86,84.18
OH75,110,40.57,84.17
OH75,130,40.82,84.17
OH75,155,41.01,83.68
OH75,192,41.532,83.626
OH76,0,41.05,81.87
OH76,18,41.05,81.52
OH76,33,41.12,81.37
OH76,61,41.1,80.83
OH76,83,40.9,80.5
OH77,0,39.402,81.45
OH77,122,41.026,81.5
OH77,135,41.15,81.63
OH77,159,41.5,81.67
OH80,0,41.61,84.8
OH80,208,41.23,80.99
OH80,230,41.84,80.84
OH80,238,41.18,80.5
OH90,0,41.61,84.79
OH90,60,41.57,83.62
OH90,87,41.4,83.15
OH90,130,41.34,82.36
OH90,152,41.393,82.06
OH90,241,41.921,80.56
OK35,0,33.732,97.146
OK35,51,34.452,97.114
OK35,104,35.148,97.466
OK35,138,35.604,97.434
OK35,214,36.684,97.34
OK35,236, 37.0056 , 97.33923
OK40,0,35.242,100
OK40,20,35.26,99.61
OK40,30,35.37,99.544
OK40,66,35.498,98.97
OK40,153,35.466,97.464
OK40,307,35.45,94.792
OK40,331, 35.4664 , 94.43961
OK44,0,34.11,98.525
OK44,5,34.18,98.474
OK44,46,34.746,98.376
OK44,107,35.284,97.58
OK44,135,35.61,97.42
OK44,179,35.77,96.644
OK44,215,36.026,96.09
OK44,241,36.186,95.752
OK44,301,36.73,94.904
OK44,323, 36.94159 , 94.66174
OR5,0,42,122.62
OR5,35,42.394,122.927
OR5,58,42.466,123.322
OR5,174,43.792,123.05
OR5,253,44.899,122.97
OR5,288,45.363,122.746
OR5,294, 45.4273 , 122.7345
OR5,297, 45.4617 , 122.6714
OR5,307, 45.6001 , 122.686
OR84,0,45.518,122.656
OR84,9,45.53,122.576
OR84,168,45.817,119.61
OR84,228,45.593,118.467
OR84,261,45.319,118.06
OR84,374,44.06,117
OR84,377, 44.00809 , 116.9333
PA70,0,40.08533,80.51373
PA70,17,40.17813,80.27221
PA70,39,40.11733,79.89314
PA70,58,40.21653,79.61806
PA70,75,40.21653,79.61806
PA70,91,40.10453,79.38166
PA70,110,40.02773,79.08803
PA70,146,40.04853,78.50824
PA70,161,39.98613,78.24285
PA70,172, 39.74801 , 78.18477
PA76,0,40.91093,80.51073
PA76,26,40.69334,80.10565
PA76,48,40.54934,79.83614
PA76,57,40.43893,79.74444
PA76,75,40.21653,79.61083
PA76,91,40.10293,79.38128
PA76,110,40.02774,79.09125
PA76,146,40.04693,78.51003
PA76,161,39.98613,78.24622
PA76,180,40.05013,77.96724
PA76,189,40.10133,77.80767
PA76,201,40.15413,77.62798
PA76,226,40.23093,77.15498
PA76,236,40.20053,76.97562
PA76,286,40.22773,76.08744
PA76,298,40.15733,75.86291
PA76,312,40.07253,75.67677
PA76,339,40.01493,75.22378
PA76,350,39.91733,75.18013
PA76,352, 39.91281 , 75.12722
PA78,0,40.43253,76.51923
PA78,29,40.56533,76.00532
PA78,52,40.60534,75.56525
PA78,75,40.66774,75.20208
PA79,0,39.74133,80.06727
PA79,33,40.14453,80.19522
PA79,38,40.18613,80.24053
PA79,64,40.49813,80.13647
PA79,78,40.69973,80.08308
PA79,99,40.96853,80.128
PA79,116,41.19733,80.16279
PA79,130,41.37813,80.14793
PA79,147,41.62613,80.18415
PA79,166,41.88053,80.16939
PA79,182,42.09013,80.11874
PA79,177, 42.028 , 80.12427
PA80,0,41.17814,80.51269
PA80,19,41.19734,80.16442
PA80,60,41.19094,79.42966
PA80,81,41.16854,79.0631
PA80,111,41.09653,78.52788
PA80,133,40.98294,78.15939
PA80,147,41.01493,77.92928
PA80,161,40.94934,77.73064
PA80,178,41.06614,77.44061
PA80,212,41.04694,76.83179
PA80,232,41.02774,76.4694
PA80,260,41.05494,76.00422
PA80,277,41.07734,75.69965
PA80,298,41.06293,75.32584
PA80,302,40.98933,75.26958
PA80,308,40.97813,75.12565
PA80,311, 40.9816 , 75.12295
PA81,0,39.75,77.728
PA81,29,40.097,77.414
PA81,64,40.314,76.932
PA81,89,40.4304,76.51488
PA81,107,40.6208,76.43805
PA81,124,40.7744,76.2232
PA81,133,40.8112,76.09857
PA81,138,40.8768,76.03381
PA81,151,41.056,76.00889
PA81,159,41.1808,75.95428
PA81,187,41.4288,75.60273
PA81,194,41.488,75.67512
PA81,211,41.7136,75.66196
PA81,232,41.99467,75.73537
PA81,232, 41.996 , 75.73869
PA83,0,39.7217,76.64737
PA83,14,39.9169,76.70811
PA83,19,39.9601,76.69462
PA83,22,39.9825,76.7333
PA83,32,40.1201,76.78878
PA83,41, 40.2408 , 76.89143
PA83,46, 40.2584 , 76.81524
PA83,51, 40.3048 , 76.83199
PA84,0,41.39094,75.57315
PA84,10,41.4167,75.6
PA84,15,41.34294,75.34618
PA84,53, 41.3656 , 74.69301
PA99,0,40.05493,78.53643
PA99,31,40.42933,78.42921
PA99,52,40.72373,78.17867
PA99,63, 40.8248 , 78.03295
PA99,73, 40.8088 , 77.84367
PA99,85, 40.9464 , 77.73073
PA476,0,39.86454,75.34926
PA476,13,40.03254,75.34757
PA476,20,40.12054,75.2701
PA476,56,40.60213,75.56812
PA476,72,40.80214,75.68307
PA476,95,41.07734,75.69636
PA476,105,41.19094,75.79064
PA476,122,41.41174,75.71631
PA476,131,41.48694,75.67844
RI95,0,41.377,71.85
RI95,8,41.51,71.69
RI95,18,41.641,71.605
RI95,25,41.67,71.482
RI95,41, 41.892 , 71.36298
RI295,0, 41.7064 , 71.46262
RI295,14, 41.908 , 71.51488
RI295,24, 41.908 , 71.51488
RI195,0, 41.8112 , 71.39078
RI195,3, 41.8032 , 71.33599
SC20,0,33.53,82.02
SC20,25,33.68,81.63
SC20,65,34.04,81.09
SC20,95,34.21,80.64
SC20,141,34.2,79.84
SC26,0,35.18,82.17
SC26,15,35,82.01
SC26,52,34.505,81.88
SC26,75,34.3,81.57
SC26,105,34.08,81.13
SC26,125,33.81,81.01
SC26,150,33.49,80.77
SC26,205,32.964,80.06
SC26,221, 32.79173 , 79.93999
SC77,0,33.89,81.04
SC77,10,33.98,80.93
SC77,24,34.148,80.986
SC77,65,34.74,81.05
SC77,90,35.09,80.93
SC85,0,34.48,83.04
SC85,20,34.57,82.71
SC85,75,34.99,81.94
SC85,105,35.145,81.49
SC95,0,32.153,81.146
SC95,95,33.38,80.51
SC95,164,34.21,79.83
SC95,199, 34.50414 , 79.30615
SD29,0,42.534,96.473
SD29,26,42.79,96.793
SD29,150,44.59,96.761
SD29,177,44.88,96.985
SD29,252,45.9,96.921
SD29,253, 45.93933 , 96.83923
SD90,0,44.522,103.99
SD90,57,44.106,103.233
SD90,90,44.074,102.517
SD90,131,43.85,101.877
SD90,265,43.786,99.279
SD90,428, 43.59694 , 96.76369
TN24,0,36.657,87.37
TN24,4,36.618,87.321
TN24,54,36.101,86.745
TN24,152,35.048,85.689
TN24,185, 35.00333 , 85.21736
TN40,0,35.15,90.077
TN40,1.5,35.177,90.016
TN40,3,35.195,90.016
TN40,8,35.194,89.908
TN40,12,35.177,89.885
TN40,56,35.53,89.24
TN40,116,35.818,88.268
TN40,143,35.882,87.799
TN40,215,36.138,86.69
TN40,265,36.14,85.86
TN40,300,36.138,85.296
TN40,330,35.91,84.85
TN40,368,35.866,84.26
TN40,393,36,83.85
TN40,412,36.01,83.5
TN40,421,36.07,83.35
TN40,451,35.78,83.1
TN75,0,34.977,85.202
TN75,1,35.006,85.216
TN75,11,35.07,85.06
TN75,25,35.173,84.927
TN75,107,36.01,83.962
TN75,146, 36.42413 , 84.2917
TN75,163, 36.5905 , 84.109
TN81,0,36.074,83.39
TN81,75, 36.6073 , 82.238
TX10,0,31.984,106.595
TX10,18,31.76,106.498
TX10,24,31.85,106.566
TX10,85,31.145,105.667
TX10,186,31.081,104.023
TX10,325,30.73,101.818
TX10,456,30.506,99.821
TX10,523,29.962,98.894
TX10,581,29.45,98.385
TX10,606,29.61,98.004
TX10,674,29.706,96.904
TX10,763,29.77,95.46
TX10,828,29.834,94.384
TX10,861,30.122,94.021
TX10,881, 30.12494 , 93.6835
TX20,0,31.114,104.02
TX20,177,32.265,101.465
TX20,245,32.425,100.392
TX20,340,32.393,98.824
TX20,407,32.714,97.775
TX20,437,32.746,97.314
TX20,480,32.778,96.598
TX20,556,32.46,95.37
TX20,629,32.49,94.198
TX20,837, 32.47054 , 93.99302
TX27,0,33.581,101.838
TX27,6,33.625,101.818
TX27,106,34.994,101.914
TX27,120, 35.19213 , 101.8322
TX27,136, 35.41613 , 101.8375
TX30,0,32.736,97.534
TX30,4,32.713,97.483
TX30,42,32.65,96.81
TX30,56,32.857,96.62
TX30,92,33.113,96.068
TX30,160,33.177,94.965
TX30,198,33.465,94.427
TX30,220, 33.48013 , 94.00253
TX35,0,27.501,99.499
TX35,2,27.537,99.466
TX35,111,29.022,99.018
TX35,166,29.515,98.41
TX35,195,29.793,97.994
TX35,245,30.421,97.642
TX35,261,30.651,97.69
TX35,337,31.598,97.13
TX35,368,32.021,97.082
TX35,402,32.408,96.86
TX35,427,32.783,96.826
TX35,467,33.209,97.146
TX35,498,33.65,97.146
TX35,508, 33.73293 , 97.1385
TX35W,0,32.063,97.082
TX35W,60,32.908,97.306
TX40,0,35.177,103.045
TX40,96,35.209,101.381
TX40,163,35.241,100.242
TX40,177, 35.23053 , 100.0014
TX45,0,29.290,94.821
TX45,4,29.305,94.910
TX45,7,29.334,94.938
TX45,48,29.764,95.37
TX45,109,30.665,95.498
TX45,142,30.96,95.882
TX45,251,32.342,96.65
TX45,275,32.675,96.73
TX45,285, 32.78893 , 96.77065
UT15,0,37,113.594
UT15,80,37.909,112.762
UT15,141,38.715,112.57
UT15,225,39.67,111.837
UT15,245,39.933,111.798
UT15,262,40.15,111.62
UT15,292,40.490,111.9
UT15,325,40.971,111.867
UT15,336,41.117,112.00
UT15,340,41.177,111.982
UT15,346,41.25,111.962
UT15,403, 41.9993 , 112.1753
UT70,0,38.602,112.603
UT70,54,38.922,111.83
UT70,147,38.922,110.363
UT70,202,38.922,109.396
UT70,230, 39.1705 , 109.0009
UT80,0,40.753,113.997
UT80,3,40.745,114
UT80,50,40.718,113.115
UT80,62,40.81,112.883
UT80,92,40.653,112.365
UT80,99,40.713,112.238
UT80,108,40.783,112.108
UT80,120,40.787,111.902
UT80,125,40.723,111.867
UT80,148,40.731,111.45
UT80,155,40.813,111.364
UT80,168,40.961,111.418
UT80,185,41.088,111.172
UT80,198, 41.2281 , 111.0348
VA64,0,37.802,80.23
VA64,91,38.06,78.973
VA64,136,37.962,78.207
VA64,190,37.562,77.43
VA64,220,37.466,76.91
VA64,272, 36.96892 , 76.30045
VA64,286,36.81,76.194
VA64,296,36.762,76.346
VA66,0,39.002,78.302
VA66,42,38.81,77.58
VA66,71,38.89,77.126
VA66,74, 38.89931 , 77.07368
VA81,0,36.59,82.23
VA81,24,36.75,81.84
VA81,71,36.95,81.08
VA81,81,36.94,81.89
VA81,150,37.36,79.91
VA81,223,38.1,79.04
VA81,273,38.73,78.65
VA81,300,38.99,78.29
VA81,323,39.309,78.09
VA85,0,36.487,78.234
VA85,12,36.731,78.122
VA85,61,37.18,77.5
VA85,67, 37.21557 , 77.39521
VA95,0,36.575,77.53
VA95,20,36.83,77.41
VA95,54,37.26,77.402
VA95,133,38.316,77.5
VA95,160,38.68,77.25
VA95,170, 38.78357 , 77.17623
VA95,178, 38.79797 , 77.0461
VT89,0,43.628,72.321
VT89,1,43.644,72.362
VT89,12,43.77,72.41
VT89,22,43.81,72.586
VT89,55,44.281,72.627
VT89,88,44.455,73.177
VT89,107,44.717,73.065
VT89,128, 45.0009 , 73.07336
VT91,0,42.666,72.49
VT91,65,43.592,72.393
VT91,137,44.538,72.073
VT91,181,45,72.073
WA5,0,45.593,122.554
WA5,104,47.034,122.88
WA5,142,47.29,122.298
WA5,208,48.19,122.202
WA5,276,49,122.746
WA82,0,46.971,120.538
WA82,38,46.522,120.454
WA82,82,46.17,119.805
WA82,113,46.162,119.21
WA82,131,45.938,119.354
WA90,0,47.599,122.339
WA90,10,47.578,122.171
WA90,151,47.098,119.81
WA90,221,47.098,118.371
WA90,280, 47.6385 , 117.467
WA90,302, 47.6977 , 117.0308
WI43,0,42.506,88.964
WI43,72,43.038,87.914
WI43,96,43.416,87.834
WI43,149,44.07,87.733
WI43,180,44.466,87.978
WI43,191, 44.5617 , 88.04826
WI90,0,43.85,91.285
WI90,61,43.881,90.13
WI90,108,43.497,89.482
WI90,156,42.921,89.066
WI90,185,42.537,88.938
WI94,0,44.97,92.765
WI94,70,44.777,91.401
WI94,317,42.928,87.946
WI94,351,42.485,87.946
WV64,0,38.345,82.587
WV64,44,38.442,81.852
WV64,120,37.737,81.21
WV64,183,37.801,80.229
WV77,0,37.286,81.125
WV77,5,37.317,81.034
WV77,48,37.837,81.226
WV77,104,38.397,81.66
WV77,138,38.83,81.738
WV77,176,39.271,81.498
WV77,187, 39.4001 , 81.45078
WV79,0,38.377,81.61
WV79,57,38.65,80.746
WV79,118,39.293,80.266
WV79,148,39.571,79.946
WV79,161, 39.7377 , 80.06692
WV81,0,39.29,78.074
WV81,23, 39.5809 , 77.86863
WY25,0,41,104.922
WY25,57,41.819,104.794
WY25,126,42.665,105.208
WY25,186,42.872,106.333
WY25,249,43.659,106.618
WY25,299,44.363,106.65
WY25,304, 44.3449 , 106.6655
WY80,0,41.194,111.06
WY80,126,41.706,108.853
WY80,255,41.706,106.381
WY80,329,41.194,105.403
WY80,403, 41.1961 , 103.9991
WY90,15,44.92,107.033
WY90,65,44.298,106.54
WY90,185,44.394,104.401
WY90,207, 44.5369 , 103.9942
ON401,1,42.25,82.983
ON401,56,42.25,82.484
ON401,109,42.522,81.975
ON401,188,42.93,81.204
ON401,208,42.978,80.94
ON401,235,43.305,80.71
ON401,278,43.403,80.373
ON401,320,43.545,79.9
ON401,344,43.641,79.656
ON401,375,43.77,79.333
ON401,385,43.801,79.205
ON401,736,45.401,74
ON400,18,43.71,79.514
ON400,99,44.36,79.546
ON400,180,45.366,80.026
END,1,0,0

