LABSAT-1>BEACON: <UI>:T#125,121,122,122,120,116,00000000
LABSAT-1>BEACON: <UI>:T#126,121,121,122,120,117,00000000
LABSAT-1>BEACON: <UI>:T#127,121,121,122,120,117,00000000
LABSAT-1>BEACON: <UI>:T#128,121,121,121,120,117,00000000
LABSAT-1>BEACON: <UI>:T#129,121,122,122,120,117,00000000
LABSAT-1>BEACON: <UI>:T#130,123,135,124,125,117,00001111
LABSAT-1>BEACON: <UI>:T#132,129,161,131,136,119,00001111
LABSAT-1>BEACON: <UI>:T#133,132,170,133,140,120,00001111
LABSAT-1>BEACON: <UI>:T#134,135,179,136,144,132,00101111
LABSAT-1>BEACON: <UI>:T#135,138,185,139,148,145,00101111
LABSAT-1>BEACON: <UI>:T#136,140,191,142,152,156,00101111
LABSAT-1>BEACON: <UI>:T#137,143,196,144,155,165,00101111
LABSAT-1>BEACON: <UI>:T#138,145,199,146,157,172,00101111
LABSAT-1>BEACON: <UI>:T#139,148,203,148,160,178,00101111
LABSAT-1>BEACON: <UI>:T#140,150,206,150,162,183,00101111
LABSAT-1>BEACON: <UI>:T#141,153,208,152,164,188,00101111
LABSAT-1>BEACON: <UI>:T#142,155,210,154,166,191,00101111
LABSAT-1>BEACON: <UI>:T#144,159,213,158,169,195,00101111
LABSAT-1>BEACON: <UI>:T#145,161,215,159,171,197,00101111
LABSAT-1>BEACON: <UI>:T#146,163,216,161,172,199,00101111
LABSAT-1>BEACON: <UI>:T#147,164,217,162,173,199,00101111
LABSAT-1>BEACON: <UI>:T#148,166,218,163,174,200,00101111
LABSAT-1>BEACON: <UI>:T#149,168,219,165,175,201,00101111
LABSAT-1>BEACON: <UI>:T#150,169,220,166,176,202,00101111
LABSAT-1>BEACON: <UI>:T#151,171,220,167,177,202,00101111
LABSAT-1>BEACON: <UI>:T#152,172,221,168,178,202,00101111
LABSAT-1>BEACON: <UI>:T#153,174,222,169,179,202,00101111
LABSAT-1>BEACON: <UI>:T#154,175,222,170,179,196,00101111
LABSAT-1>BEACON: <UI>:T#155,176,223,171,180,191,00101111
LABSAT-1>BEACON: <UI>:T#156,177,223,172,181,185,00101111
LABSAT-1>BEACON: <UI>:T#157,178,223,172,181,181,00101111
LABSAT-1>BEACON: <UI>:T#158,180,224,173,182,177,00101111
LABSAT-1>BEACON: <UI>:T#159,181,224,174,182,174,00101111
LABSAT-1>BEACON: <UI>:T#160,182,225,175,183,172,00101111
LABSAT-1>BEACON: <UI>:T#161,183,225,175,183,169,00101111
LABSAT-1>BEACON: <UI>:T#162,184,225,176,183,167,00101111
LABSAT-1>BEACON: <UI>:T#163,185,225,177,184,165,00101111
LABSAT-1>BEACON: <UI>:T#164,185,226,177,185,164,00101111
LABSAT-1>BEACON: <UI>:T#166,187,227,179,185,161,00101111
LABSAT-1>BEACON: <UI>:T#167,188,227,179,185,160,00101111
LABSAT-1>BEACON: <UI>:T#168,188,227,179,186,159,00101111
LABSAT-1>BEACON: <UI>:T#169,189,227,179,185,158,00101111
LABSAT-1>BEACON: <UI>:T#170,190,227,180,186,158,00101111
LABSAT-1>BEACON: <UI>:T#171,190,227,180,187,157,00101111
LABSAT-1>BEACON: <UI>:T#172,191,228,181,188,157,00101111
LABSAT-1>BEACON: <UI>:T#173,191,227,181,187,156,00101111
LABSAT-1>BEACON: <UI>:T#174,192,228,182,187,156,00101111
LABSAT-1>BEACON: <UI>:T#175,193,228,183,188,155,00101111
LABSAT-1>BEACON: <UI>:T#176,193,228,183,188,155,00101111
LABSAT-1>BEACON: <UI>:T#177,193,226,182,187,155,00101111
LABSAT-1>BEACON: <UI>:T#178,191,222,182,185,154,00101111
LABSAT-1>BEACON: <UI>:T#179,190,218,180,183,153,00101111
LABSAT-1>BEACON: <UI>:T#180,189,213,178,181,153,00101111
LABSAT-1>BEACON: <UI>:T#181,187,209,178,179,151,00101111
LABSAT-1>BEACON: <UI>:T#182,186,204,176,177,147,00101111
LABSAT-1>BEACON: <UI>:T#183,184,199,174,174,144,00101111
LABSAT-1>BEACON: <UI>:T#185,180,188,169,167,139,00101111
LABSAT-1>BEACON: <UI>:T#186,178,184,167,165,139,00101111
LABSAT-1>BEACON: <UI>:T#187,177,180,166,162,139,00101111
LABSAT-1>BEACON: <UI>:T#188,175,176,164,161,138,00101111
LABSAT-1>BEACON: <UI>:T#190,171,169,160,156,137,00101111
LABSAT-1>BEACON: <UI>:T#191,170,165,158,154,136,00101111
LABSAT-1>BEACON: <UI>:T#192,168,163,158,153,134,00101111
LABSAT-1>BEACON: <UI>:T#193,167,159,155,150,135,00101111
LABSAT-1>BEACON: <UI>:T#194,165,157,154,150,133,00101111
LABSAT-1>BEACON: <UI>:T#195,163,155,152,148,134,00101111
LABSAT-1>BEACON: <UI>:T#196,162,153,152,146,134,00101111
LABSAT-1>BEACON: <UI>:T#197,160,151,150,145,133,00101111
LABSAT-1>BEACON: <UI>:T#198,159,149,148,143,132,00101111
LABSAT-1>BEACON: <UI>:T#199,157,147,147,143,131,00101111
LABSAT-1>BEACON: <UI>:T#200,156,145,146,141,130,00101111
LABSAT-1>BEACON: <UI>:T#201,155,145,146,141,131,00101111
LABSAT-1>BEACON: <UI>:T#202,153,143,144,140,131,00101111
LABSAT-1>BEACON: <UI>:T#203,152,142,144,139,130,00101111
LABSAT-1>BEACON: <UI>:T#205,150,140,142,137,130,00101111
LABSAT-1>BEACON: <UI>:T#206,149,139,140,136,129,00101111
LABSAT-1>BEACON: <UI>:T#207,148,138,140,135,128,00101111
LABSAT-1>BEACON: <UI>:T#208,147,137,139,135,129,00101111
LABSAT-1>BEACON: <UI>:T#209,146,136,139,134,129,00101111
LABSAT-1>BEACON: <UI>:T#210,145,135,138,134,129,00101111
LABSAT-1>BEACON: <UI>:T#211,144,135,137,133,129,00101111
LABSAT-1>BEACON: <UI>:T#212,143,134,137,133,128,00101111
LABSAT-1>BEACON: <UI>:T#213,142,133,135,132,127,00101111
LABSAT-1>BEACON: <UI>:T#214,141,133,135,131,126,00101111
LABSAT-1>BEACON: <UI>:T#215,141,133,135,131,127,00101111
LABSAT-1>BEACON: <UI>:T#216,140,132,133,130,127,00101111
LABSAT-1>BEACON: <UI>:T#217,139,131,134,130,127,00101111
LABSAT-1>BEACON: <UI>:T#218,139,131,134,130,127,00101111
LABSAT-1>BEACON: <UI>:T#219,138,130,132,128,128,00101111
LABSAT-1>BEACON: <UI>:T#220,137,130,131,129,127,00101111
LABSAT-1>BEACON: <UI>:T#221,137,129,132,127,126,00101111
LABSAT-1>BEACON: <UI>:T#222,136,129,131,128,125,00101111
LABSAT-1>BEACON: <UI>:T#223,135,129,131,127,124,00101111
LABSAT-1>BEACON: <UI>:T#224,135,128,129,126,125,00101111
LABSAT-1>BEACON: <UI>:T#225,134,128,129,126,125,00101111
LABSAT-1>BEACON: <UI>:T#226,134,128,130,127,124,00101111
LABSAT-1>BEACON: <UI>:T#227,133,127,129,126,125,00101111
LABSAT-1>BEACON: <UI>:T#228,132,126,127,125,125,00101111
LABSAT-1>BEACON: <UI>:T#229,131,125,126,124,125,00101111
LABSAT-1>BEACON: <UI>:T#230,130,124,125,123,125,00101111
LABSAT-1>BEACON: <UI>:T#231,130,123,125,121,124,00101111
LABSAT-1>BEACON: <UI>:T#232,129,123,125,122,123,00000111
LABSAT-1>BEACON: <UI>:T#233,128,122,124,122,123,00000111
LABSAT-1>BEACON: <UI>:T#234,127,122,123,121,122,00000101
LABSAT-1>BEACON: <UI>:T#235,127,121,123,120,122,00000101
LABSAT-1>BEACON: <UI>:T#236,126,121,123,120,121,00000101
LABSAT-1>BEACON: <UI>:T#237,125,121,122,120,120,00000101
LABSAT-1>BEACON: <UI>:T#238,125,121,121,119,120,00000101
LABSAT-1>BEACON: <UI>:T#239,125,121,122,119,119,00000001
LABSAT-1>BEACON: <UI>:T#240,124,119,120,118,116,00000001
LABSAT-1>BEACON: <UI>:T#241,123,117,118,117,115,00000000
LABSAT-1>BEACON: <UI>:T#242,122,117,118,116,116,00000000
LABSAT-1>BEACON: <UI>:T#243,122,116,117,115,116,00000000
LABSAT-1>BEACON: <UI>:T#244,121,116,116,116,116,00000000
LABSAT-1>BEACON: <UI>:T#245,121,116,116,114,117,00000000
LABSAT-1>BEACON: <UI>:T#246,121,116,117,115,117,00000000
LABSAT-1>BEACON: <UI>:T#247,120,116,116,116,117,00000000
LABSAT-1>BEACON: <UI>:T#248,120,116,116,115,117,00000000
LABSAT-1>BEACON: <UI>:T#250,120,116,117,115,118,00000000
LABSAT-1>BEACON: <UI>:T#251,119,116,116,115,118,00000000
LABSAT-1>BEACON: <UI>:T#252,119,116,116,116,118,00000000
LABSAT-1>BEACON: <UI>:T#253,119,117,117,115,118,00000000
LABSAT-1>BEACON: <UI>:T#254,119,117,118,116,118,00000000
LABSAT-1>BEACON: <UI>:T#255,119,117,117,116,118,00000000
LABSAT-1>BEACON: <UI>:T#256,119,117,117,117,118,00000000
LABSAT-1>BEACON: <UI>:T#257,119,117,118,117,118,00000000
LABSAT-1>BEACON: <UI>:T#258,119,118,118,116,118,00000000
LABSAT-1>BEACON: <UI>:T#259,120,123,119,118,119,00000010
LABSAT-1>BEACON: <UI>:T#260,122,133,121,122,119,00001010
LABSAT-1>BEACON: <UI>:T#261,125,147,124,128,120,00001111
LABSAT-1>BEACON: <UI>:T#262,129,160,128,134,120,00001111
LABSAT-1>BEACON: <UI>:T#263,132,171,131,139,121,00001111
LABSAT-1>BEACON: <UI>:T#264,135,181,135,144,122,00001111
LABSAT-1>BEACON: <UI>:T#265,137,189,138,149,122,00001111
LABSAT-1>BEACON: <UI>:T#267,143,201,144,157,123,00001111
LABSAT-1>BEACON: <UI>:T#268,146,206,148,160,124,00001111
LABSAT-1>BEACON: <UI>:T#269,148,210,150,163,124,00101111
LABSAT-1>BEACON: <UI>:T#270,151,213,153,164,125,00101111
LABSAT-1>BEACON: <UI>:T#272,156,219,159,171,126,00101111
LABSAT-1>BEACON: <UI>:T#273,159,221,162,172,127,00101111
LABSAT-1>BEACON: <UI>:T#274,161,223,163,174,128,00101111
LABSAT-1>BEACON: <UI>:T#275,164,225,166,177,129,00101111
LABSAT-1>BEACON: <UI>:T#276,166,226,168,178,129,00101111
LABSAT-1>BEACON: <UI>:T#277,168,228,170,179,130,00101111
LABSAT-1>BEACON: <UI>:T#278,170,228,171,181,130,00101111
LABSAT-1>BEACON: <UI>:T#279,172,230,174,182,131,00101111
LABSAT-1>BEACON: <UI>:T#280,174,231,175,184,132,00101111
LABSAT-1>BEACON: <UI>:T#281,176,231,176,185,133,00101111
LABSAT-1>BEACON: <UI>:T#282,178,232,178,185,133,00101111
LABSAT-1>BEACON: <UI>:T#283,179,233,179,187,134,00101111
LABSAT-1>BEACON: <UI>:T#284,181,234,181,188,135,00101111
LABSAT-1>BEACON: <UI>:T#285,183,234,183,188,135,00101111
LABSAT-1>BEACON: <UI>:T#286,185,235,184,190,136,00101111
LABSAT-1>BEACON: <UI>:T#287,186,235,185,191,136,00101111
LABSAT-1>BEACON: <UI>:T#288,188,235,186,191,137,00101111
LABSAT-1>BEACON: <UI>:T#289,189,236,187,192,137,00101111
LABSAT-1>BEACON: <UI>:T#290,190,236,189,193,138,00101111
LABSAT-1>BEACON: <UI>:T#291,191,236,189,193,139,00101111
LABSAT-1>BEACON: <UI>:T#292,192,237,190,195,139,00101111
LABSAT-1>BEACON: <UI>:T#293,194,237,190,194,140,00101111
LABSAT-1>BEACON: <UI>:T#294,195,237,191,196,140,00101111
LABSAT-1>BEACON: <UI>:T#296,197,238,193,197,141,00101111
LABSAT-1>BEACON: <UI>:T#297,198,238,195,197,142,00101111
LABSAT-1>BEACON: <UI>:T#298,199,238,195,197,143,00101111
LABSAT-1>BEACON: <UI>:T#299,200,238,195,198,143,00101111
LABSAT-1>BEACON: <UI>:T#300,201,239,197,198,144,00101111
LABSAT-1>BEACON: <UI>:T#301,202,239,197,198,144,00101111
LABSAT-1>BEACON: <UI>:T#302,203,239,197,198,145,00101111
LABSAT-1>BEACON: <UI>:T#303,203,239,197,199,145,00101111
LABSAT-1>BEACON: <UI>:T#304,204,239,198,199,146,00101111
LABSAT-1>BEACON: <UI>:T#305,205,239,200,201,146,00101111
LABSAT-1>BEACON: <UI>:T#306,206,239,199,200,147,00101111
LABSAT-1>BEACON: <UI>:T#307,205,237,200,198,147,00101111
LABSAT-1>BEACON: <UI>:T#308,204,235,199,197,147,00101111
LABSAT-1>BEACON: <UI>:T#309,203,232,198,196,147,00101111
LABSAT-1>BEACON: <UI>:T#310,203,229,198,194,147,00101111
LABSAT-1>BEACON: <UI>:T#311,202,226,196,192,147,00101111
LABSAT-1>BEACON: <UI>:T#312,201,224,196,191,147,00101111
LABSAT-1>BEACON: <UI>:T#313,200,221,195,189,147,00101111
LABSAT-1>BEACON: <UI>:T#314,199,218,195,188,147,00101111
LABSAT-1>BEACON: <UI>:T#315,198,215,194,186,147,00101111
LABSAT-1>BEACON: <UI>:T#316,197,212,193,185,147,00101111
LABSAT-1>BEACON: <UI>:T#317,196,210,193,183,147,00101111
LABSAT-1>BEACON: <UI>:T#318,196,207,192,182,147,00101111
LABSAT-1>BEACON: <UI>:T#320,194,202,191,179,147,00101111
LABSAT-1>BEACON: <UI>:T#321,193,200,189,179,147,00101111
LABSAT-1>BEACON: <UI>:T#322,192,198,189,178,146,00101111
LABSAT-1>BEACON: <UI>:T#323,191,195,188,177,145,00101111
LABSAT-1>BEACON: <UI>:T#324,190,193,187,176,146,00101111
LABSAT-1>BEACON: <UI>:T#325,189,191,187,175,146,00101111
LABSAT-1>BEACON: <UI>:T#326,188,189,186,173,146,00101111
LABSAT-1>BEACON: <UI>:T#327,187,187,186,172,146,00101111
LABSAT-1>BEACON: <UI>:T#328,186,186,185,172,146,00101111
LABSAT-1>BEACON: <UI>:T#329,186,184,184,171,146,00101111
LABSAT-1>BEACON: <UI>:T#330,185,182,183,170,146,00101111
LABSAT-1>BEACON: <UI>:T#331,184,180,182,168,146,00101111
LABSAT-1>BEACON: <UI>:T#332,183,179,182,168,146,00101111
LABSAT-1>BEACON: <UI>:T#333,182,178,181,167,146,00101111
LABSAT-1>BEACON: <UI>:T#334,181,176,180,166,146,00101111
LABSAT-1>BEACON: <UI>:T#335,181,175,179,165,146,00101111
LABSAT-1>BEACON: <UI>:T#336,180,173,178,164,146,00101111
LABSAT-1>BEACON: <UI>:T#337,179,172,178,164,146,00101111
LABSAT-1>BEACON: <UI>:T#338,178,171,178,163,145,00101111
LABSAT-1>BEACON: <UI>:T#339,177,170,177,162,146,00101111
LABSAT-1>BEACON: <UI>:T#340,177,169,176,161,145,00101111
LABSAT-1>BEACON: <UI>:T#341,176,168,174,160,145,00101111
LABSAT-1>BEACON: <UI>:T#342,175,167,174,159,145,00101111
LABSAT-1>BEACON: <UI>:T#343,174,166,174,159,145,00101111
LABSAT-1>BEACON: <UI>:T#344,173,165,173,159,145,00101111
LABSAT-1>BEACON: <UI>:T#345,173,164,172,158,145,00101111
LABSAT-1>BEACON: <UI>:T#346,172,163,172,157,145,00101111
LABSAT-1>BEACON: <UI>:T#347,172,162,172,157,145,00101111
LABSAT-1>BEACON: <UI>:T#348,171,162,171,157,145,00101111
LABSAT-1>BEACON: <UI>:T#349,170,161,171,156,145,00101111
LABSAT-1>BEACON: <UI>:T#350,170,160,170,155,145,00101111
LABSAT-1>BEACON: <UI>:T#351,169,159,169,154,145,00101111
LABSAT-1>BEACON: <UI>:T#352,168,159,168,154,145,00101111
LABSAT-1>BEACON: <UI>:T#353,168,158,168,153,144,00101111
LABSAT-1>BEACON: <UI>:T#354,167,157,167,153,144,00101111
LABSAT-1>BEACON: <UI>:T#355,166,157,167,152,144,00101111
LABSAT-1>BEACON: <UI>:T#356,166,156,165,152,144,00101111
LABSAT-1>BEACON: <UI>:T#357,165,155,166,151,144,00101111
LABSAT-1>BEACON: <UI>:T#358,164,155,165,152,144,00101111
LABSAT-1>BEACON: <UI>:T#359,164,154,164,150,144,00101111
LABSAT-1>BEACON: <UI>:T#360,163,154,164,151,144,00101111
LABSAT-1>BEACON: <UI>:T#361,163,153,163,150,144,00101111
LABSAT-1>BEACON: <UI>:T#363,162,152,162,149,144,00101111
LABSAT-1>BEACON: <UI>:T#364,161,152,161,149,144,00101111
LABSAT-1>BEACON: <UI>:T#365,161,151,161,148,144,00101111
LABSAT-1>BEACON: <UI>:T#366,160,151,160,148,144,00101111
LABSAT-1>BEACON: <UI>:T#367,160,150,160,147,144,00101111
LABSAT-1>BEACON: <UI>:T#368,159,150,159,147,143,00101111
LABSAT-1>BEACON: <UI>:T#369,159,149,159,146,144,00101111
LABSAT-1>BEACON: <UI>:T#370,158,149,159,146,143,00101111
LABSAT-1>BEACON: <UI>:T#371,158,149,158,146,143,00101111
LABSAT-1>BEACON: <UI>:T#372,157,148,159,146,143,00101111
LABSAT-1>BEACON: <UI>:T#373,157,148,157,145,143,00101111
LABSAT-1>BEACON: <UI>:T#374,156,148,158,145,143,00101111
LABSAT-1>BEACON: <UI>:T#375,156,147,157,144,143,00101111
LABSAT-1>BEACON: <UI>:T#376,155,147,156,145,143,00101111
LABSAT-1>BEACON: <UI>:T#377,155,147,156,145,143,00101111
LABSAT-1>BEACON: <UI>:T#378,155,146,156,144,143,00101111
LABSAT-1>BEACON: <UI>:T#380,154,145,154,144,143,00101111
LABSAT-1>BEACON: <UI>:T#382,153,145,154,144,143,00101111
LABSAT-1>BEACON: <UI>:T#383,153,144,153,143,143,00101111
LABSAT-1>BEACON: <UI>:T#384,153,144,153,142,143,00101111
LABSAT-1>BEACON: <UI>:T#385,152,144,153,143,142,00101111
LABSAT-1>BEACON: <UI>:T#386,152,144,153,142,142,00101111
LABSAT-1>BEACON: <UI>:T#387,151,143,153,142,142,00101111
LABSAT-1>BEACON: <UI>:T#388,151,143,153,141,142,00101111
LABSAT-1>BEACON: <UI>:T#389,151,143,152,142,142,00101111
LABSAT-1>BEACON: <UI>:T#390,150,143,151,142,142,00101111
LABSAT-1>BEACON: <UI>:T#391,150,142,152,141,142,00101111
LABSAT-1>BEACON: <UI>:T#392,150,142,151,140,142,00101111
LABSAT-1>BEACON: <UI>:T#394,149,141,150,140,142,00101111
LABSAT-1>BEACON: <UI>:T#395,149,141,150,140,142,00101111
LABSAT-1>BEACON: <UI>:T#396,148,141,149,139,142,00101111
LABSAT-1>BEACON: <UI>:T#397,148,141,149,139,142,00101111
LABSAT-1>BEACON: <UI>:T#398,148,141,149,139,142,00101111
LABSAT-1>BEACON: <UI>:T#400,147,140,148,140,141,00101111
LABSAT-1>BEACON: <UI>:T#401,147,140,148,139,141,00101111
LABSAT-1>BEACON: <UI>:T#402,147,140,148,139,141,00101111
LABSAT-1>BEACON: <UI>:T#403,146,139,148,138,141,00101111
LABSAT-1>BEACON: <UI>:T#404,146,139,147,139,141,00101111
LABSAT-1>BEACON: <UI>:T#405,146,139,148,138,141,00101111
LABSAT-1>BEACON: <UI>:T#406,146,139,146,137,141,00101111
LABSAT-1>BEACON: <UI>:T#407,146,139,146,137,141,00101111
LABSAT-1>BEACON: <UI>:T#408,145,139,146,138,141,00101111
LABSAT-1>BEACON: <UI>:T#409,145,138,146,137,141,00101111
LABSAT-1>BEACON: <UI>:T#410,145,138,146,137,141,00101111
LABSAT-1>BEACON: <UI>:T#412,144,138,146,137,141,00101111
LABSAT-1>BEACON: <UI>:T#413,144,138,145,137,140,00101111
LABSAT-1>BEACON: <UI>:T#414,144,137,145,136,140,00101111
LABSAT-1>BEACON: <UI>:T#415,143,137,145,136,140,00101111
LABSAT-1>BEACON: <UI>:T#416,143,137,144,137,140,00101111
LABSAT-1>BEACON: <UI>:T#417,143,137,144,136,140,00101111
LABSAT-1>BEACON: <UI>:T#418,143,137,144,136,140,00101111
LABSAT-1>BEACON: <UI>:T#419,143,137,144,136,140,00101111
LABSAT-1>BEACON: <UI>:T#420,142,136,143,135,140,00101111
LABSAT-1>BEACON: <UI>:T#421,142,136,143,135,140,00101111
LABSAT-1>BEACON: <UI>:T#422,142,136,143,135,140,00101111
LABSAT-1>BEACON: <UI>:T#424,142,136,142,135,139,00101111
LABSAT-1>BEACON: <UI>:T#425,141,136,142,135,139,00101111
LABSAT-1>BEACON: <UI>:T#427,141,135,142,134,139,00101111
LABSAT-1>BEACON: <UI>:T#428,141,135,142,134,139,00101111
LABSAT-1>BEACON: <UI>:T#430,140,135,141,134,139,00101111
LABSAT-1>BEACON: <UI>:T#431,140,135,141,134,139,00101111
LABSAT-1>BEACON: <UI>:T#432,140,135,141,134,139,00101111
LABSAT-1>BEACON: <UI>:T#431,140,135,141,134,139,00101111
LABSAT-1>BEACON: <UI>:T#432,140,135,141,134,139,00101111
LABSAT-1>BEACON: <UI>:T#433,140,135,141,133,139,00101111
LABSAT-1>BEACON: <UI>:T#434,140,135,141,134,139,00101111
LABSAT-1>BEACON: <UI>:T#435,140,134,141,133,139,00101111
LABSAT-1>BEACON: <UI>:T#436,139,134,140,134,139,00101111
LABSAT-1>BEACON: <UI>:T#437,139,134,140,134,139,00101111
LABSAT-1>BEACON: <UI>:T#438,139,134,140,132,139,00101111
LABSAT-1>BEACON: <UI>:T#439,140,138,143,136,143,00101111
LABSAT-1>BEACON: <UI>:T#440,141,140,143,137,143,00101111
LABSAT-1>BEACON: <UI>:T#441,141,140,144,137,141,00101111
LABSAT-1>BEACON: <UI>:T#442,141,139,144,137,141,00101111
LABSAT-1>BEACON: <UI>:T#443,141,139,143,136,140,00101111
LABSAT-1>BEACON: <UI>:T#444,141,139,142,137,139,00101111
LABSAT-1>BEACON: <UI>:T#445,141,139,142,137,139,00101111
LABSAT-1>BEACON: <UI>:T#446,140,138,141,137,138,00101111
LABSAT-1>BEACON: <UI>:T#447,139,136,139,134,136,00101111
LABSAT-1>BEACON: <UI>:T#449,137,133,136,131,133,00101111
LABSAT-1>BEACON: <UI>:T#451,135,130,135,130,130,00101111
LABSAT-1>BEACON: <UI>:T#452,134,129,133,128,129,00101111
LABSAT-1>BEACON: <UI>:T#453,133,129,132,128,128,00101111
LABSAT-1>BEACON: <UI>:T#454,132,128,131,127,126,00101111
LABSAT-1>BEACON: <UI>:T#455,131,127,131,126,126,00101111
LABSAT-1>BEACON: <UI>:T#456,130,126,130,125,125,00101111
LABSAT-1>BEACON: <UI>:T#457,130,126,130,125,125,00101111
LABSAT-1>BEACON: <UI>:T#458,129,125,129,124,124,00101111
LABSAT-1>BEACON: <UI>:T#461,127,124,126,123,123,00001111
LABSAT-1>BEACON: <UI>:T#462,127,124,127,123,123,00001111
LABSAT-1>BEACON: <UI>:T#463,126,124,126,122,122,00001111
LABSAT-1>BEACON: <UI>:T#464,126,124,126,122,122,00001111
LABSAT-1>BEACON: <UI>:T#466,125,123,125,122,122,00001111
LABSAT-1>BEACON: <UI>:T#467,125,123,125,122,122,00001111
LABSAT-1>BEACON: <UI>:T#468,124,123,125,122,122,00000111
LABSAT-1>BEACON: <UI>:T#469,124,123,124,122,121,00000111
LABSAT-1>BEACON: <UI>:T#471,123,123,124,122,121,00000111
LABSAT-1>BEACON: <UI>:T#472,123,123,124,122,122,00000111
LABSAT-1>BEACON: <UI>:T#473,123,123,124,122,121,00000111
LABSAT-1>BEACON: <UI>:T#474,123,122,123,121,121,00000111
LABSAT-1>BEACON: <UI>:T#479,122,122,123,121,121,00000100
LABSAT-1>BEACON: <UI>:T#480,122,122,123,122,121,00000100
LABSAT-1>BEACON: <UI>:T#481,122,122,123,121,121,00000100
LABSAT-1>BEACON: <UI>:T#482,122,122,124,121,121,00000100
LABSAT-1>BEACON: <UI>:T#484,122,122,123,121,121,00000100

